2871
1 1 128 133
1 1 166 133
13 49 44 112
25 1 88 128
9 41 72 104
45 33 76 96
33 49 64 112
25 73 56 133
65 1 128 128
1 33 32 96
53 73 84 133
129 73 160 133
81 1 144 64
41 25 104 88
89 41 152 104
33 57 96 120
1 73 64 133
89 73 152 133
5 1 36 128
133 17 164 80
65 25 96 88
57 49 88 112
121 49 152 112
137 49 166 112
1 73 32 133
37 73 68 133
97 73 128 133
117 73 148 133
1 1 128 128
33 1 64 128
25 1 88 133
65 1 96 128
17 49 80 80
105 1 166 128
1 1 64 128
9 69 72 100
77 1 108 128
105 17 166 80
65 49 128 112
33 1 96 64
97 9 128 72
113 17 144 80
85 41 116 104
97 41 128 104
109 49 140 112
69 73 100 133
85 73 116 133
65 1 96 64
77 17 108 80
33 25 64 88
73 49 104 112
13 73 44 133
65 1 128 133
25 17 88 48
41 1 104 32
33 61 96 92
1 1 166 128
69 1 100 32
109 1 140 128
17 1 48 128
53 1 84 128
33 9 160 72
53 45 84 76
105 1 166 133
1 1 64 133
81 1 144 32
41 37 104 68
65 37 128 68
105 37 166 68
41 49 104 80
1 89 64 120
81 97 144 128
25 101 88 132
61 25 76 88
97 1 128 32
137 33 166 64
37 69 68 100
33 65 160 128
17 41 144 104
9 1 72 64
57 1 120 64
65 73 128 133
1 1 32 64
13 1 44 64
25 1 56 64
37 1 68 64
49 9 80 72
21 25 52 88
41 77 104 108
105 97 166 128
137 17 166 48
125 29 156 60
9 57 40 88
33 57 64 88
49 57 80 88
57 81 88 112
101 89 132 120
149 17 164 80
15 49 30 112
21 49 36 112
51 57 66 120
41 73 56 133
81 5 112 36
69 13 100 44
65 45 96 76
17 69 48 100
49 69 80 100
37 89 68 120
29 41 44 104
61 57 76 120
81 61 144 92
65 73 128 104
49 101 112 132
17 1 80 32
105 1 166 32
65 13 128 44
1 17 64 48
49 25 112 56
81 49 144 80
105 49 166 80
105 73 166 104
73 85 136 116
97 85 160 116
25 89 88 120
1 101 64 132
29 41 60 72
21 53 52 84
5 69 36 100
133 69 164 100
1 81 32 112
113 81 144 112
25 89 56 120
67 25 82 88
1 33 16 96
37 41 52 104
45 49 60 112
27 73 42 133
135 73 150 133
89 1 120 128
121 1 152 128
137 1 166 128
1 77 128 108
97 13 128 44
93 41 124 72
125 41 156 72
137 45 166 76
61 57 92 88
89 65 120 96
125 93 156 124
85 101 116 132
99 1 114 64
109 17 124 80
117 17 132 80
137 17 152 80
83 25 98 88
143 25 158 88
9 41 24 104
75 41 90 104
127 41 142 104
109 49 124 112
135 49 150 112
151 49 166 112
3 57 18 120
75 65 90 128
35 73 50 133
109 73 124 133
117 73 132 133
127 73 142 133
1 5 128 36
1 61 128 92
17 97 144 128
41 9 72 40
5 45 36 76
25 101 56 132
19 9 34 72
147 73 162 133
1 25 166 88
1 49 166 112
1 73 166 133
5 1 36 133
125 13 156 44
113 17 144 48
101 29 132 60
89 53 120 84
121 57 152 88
69 73 100 104
69 85 100 116
5 101 36 132
29 1 60 32
57 1 88 32
125 1 156 32
13 5 44 36
53 13 84 44
73 29 104 60
105 57 136 88
133 57 164 88
101 69 132 100
117 69 148 100
81 81 112 112
137 81 166 112
49 97 80 128
137 97 166 128
37 101 68 132
73 101 104 132
109 101 140 132
89 17 104 80
131 17 146 80
89 41 104 104
99 41 114 104
69 73 84 133
85 73 100 133
83 1 98 64
77 9 92 72
53 33 68 96
121 41 136 104
69 49 84 112
141 49 156 112
11 73 26 133
17 73 32 133
97 73 112 133
103 73 118 133
105 17 166 48
81 25 144 56
57 61 120 92
105 61 166 92
49 89 112 120
17 37 80 68
33 1 64 133
1 41 128 72
65 1 96 133
21 25 52 56
9 9 24 72
77 1 108 133
33 29 160 60
61 57 76 88
25 53 88 68
137 1 166 32
113 5 144 36
9 17 40 48
85 17 116 48
61 29 92 60
85 29 116 60
113 41 144 72
77 49 108 80
73 61 104 92
125 81 156 112
13 89 44 120
61 101 92 132
97 101 128 132
1 1 32 32
25 13 56 44
37 29 68 60
5 33 36 64
49 33 80 64
17 41 48 72
81 5 96 36
69 45 84 76
51 1 66 64
125 17 140 80
115 41 130 104
83 49 98 112
91 73 106 133
141 73 156 133
59 1 74 64
71 1 86 64
143 1 158 64
29 17 44 80
35 17 50 80
41 17 56 80
47 25 62 88
109 1 140 133
17 1 48 133
53 1 84 133
65 3 128 18
147 33 162 64
55 69 70 100
33 17 160 48
57 9 120 24
17 67 80 82
1 77 64 92
89 1 104 128
109 49 124 80
105 3 166 18
25 47 88 62
65 5 80 36
145 9 160 40
75 17 90 48
135 17 150 48
123 33 138 64
135 45 150 76
1 57 16 88
15 57 30 88
29 57 44 88
37 65 52 96
23 69 38 100
7 77 22 108
17 77 32 108
45 81 60 112
107 81 122 112
115 85 130 116
139 85 154 116
91 97 106 128
101 97 116 128
19 1 34 128
1 3 64 18
33 3 96 18
105 47 166 62
105 53 166 68
9 83 72 98
113 1 128 32
107 13 122 44
141 33 156 64
77 45 92 76
67 61 82 92
63 73 78 104
31 97 46 128
9 53 24 84
57 15 120 30
25 59 88 74
41 65 104 80
3 1 18 128
13 1 28 128
31 1 46 128
37 1 52 128
83 1 98 128
109 1 124 128
25 31 88 46
53 1 68 32
101 5 116 36
43 9 58 40
129 45 144 76
51 53 66 84
97 65 112 96
121 65 136 96
45 69 60 100
145 81 160 112
151 81 166 112
125 85 140 116
15 101 30 132
105 73 166 88
81 93 144 108
41 95 104 110
107 1 122 32
119 1 134 32
87 5 102 36
93 9 108 40
83 17 98 48
93 21 108 52
77 33 92 64
131 33 146 64
115 37 130 68
143 45 158 76
151 45 166 76
91 49 106 80
83 53 98 84
23 57 38 88
103 57 118 88
31 69 46 100
71 73 86 104
1 77 16 108
31 81 46 112
51 85 66 116
25 89 40 120
79 89 94 120
39 93 54 124
45 93 60 124
1 97 16 128
139 97 154 128
25 101 40 132
113 101 128 132
147 101 162 132
33 23 96 38
57 23 120 38
89 29 152 44
33 77 96 92
81 83 144 98
105 97 166 112
1 99 64 114
81 101 144 116
9 105 72 120
41 107 104 122
1 113 64 128
65 115 128 130
41 117 104 132
121 1 152 133
137 1 166 133
89 1 120 133
99 1 114 128
25 1 40 128
45 1 60 128
51 1 66 128
57 1 72 128
63 1 78 128
69 1 84 128
75 1 90 128
139 1 154 128
151 1 166 128
29 13 44 44
29 29 44 60
85 29 100 60
7 41 22 72
49 41 64 72
41 49 56 80
145 69 160 100
131 77 146 108
7 89 22 120
33 11 96 26
97 11 160 26
1 39 64 54
1 45 64 60
57 51 120 66
133 1 148 32
127 5 142 36
105 37 120 68
97 49 112 80
119 53 134 84
61 93 76 124
67 101 82 132
127 101 142 132
37 1 52 32
139 1 154 32
3 5 18 36
17 5 32 36
23 5 38 36
75 5 90 36
9 13 24 44
35 13 50 44
115 13 130 44
151 13 166 44
3 17 18 48
23 17 38 48
61 17 76 48
47 21 62 52
71 33 86 64
145 57 160 88
151 57 166 88
77 61 92 92
113 61 128 92
137 61 152 92
9 65 24 96
127 65 142 96
91 69 106 100
103 69 118 100
151 69 166 100
115 73 130 104
139 73 154 104
39 81 54 112
87 85 102 116
93 85 108 116
19 89 34 120
131 89 146 120
107 97 122 128
121 97 136 128
77 101 92 132
85 101 100 132
1 9 64 24
97 23 160 38
49 29 112 44
97 39 160 54
33 41 96 56
81 45 144 60
81 51 144 66
65 59 128 74
81 65 144 80
81 71 144 86
33 83 96 98
105 83 166 98
105 89 166 104
1 93 64 108
57 101 120 116
65 107 128 122
105 63 166 78
73 77 136 92
25 89 88 104
89 111 152 126
21 29 36 60
39 29 54 60
33 45 48 76
57 71 120 86
115 1 130 128
125 1 140 128
133 1 148 128
145 1 160 128
99 17 114 48
67 89 82 120
121 13 136 44
129 21 144 52
109 25 124 56
97 37 112 68
85 41 100 72
85 73 100 104
77 77 92 108
57 81 72 112
101 85 116 116
13 89 28 120
73 89 88 120
7 101 22 132
55 101 70 132
133 101 148 132
11 1 26 32
31 1 46 32
59 5 74 36
55 17 70 48
69 17 84 48
15 21 30 52
145 21 160 52
53 29 68 60
59 29 74 60
65 29 80 60
1 37 16 68
13 37 28 68
57 45 72 76
63 45 78 76
33 17 96 32
1 19 64 34
9 25 72 40
1 31 64 46
1 55 64 70
1 61 64 76
105 17 166 32
57 37 120 52
57 45 120 60
57 89 120 104
105 105 166 120
105 117 166 132
65 25 128 88
113 29 144 60
91 33 106 64
117 25 132 56
1 1 166 64
41 61 72 76
77 1 108 16
49 43 80 58
45 37 76 52
85 47 116 62
77 29 108 44
125 7 156 22
33 117 64 132
57 101 88 116
7 29 22 60
25 41 40 72
19 41 34 72
151 1 166 32
81 17 144 32
33 101 96 116
57 83 120 98
1 1 16 64
41 45 72 76
65 1 80 64
37 17 68 32
49 19 80 34
41 25 72 40
1 35 32 50
137 37 166 52
21 39 52 54
1 45 32 60
33 47 64 62
1 53 32 68
77 57 108 72
21 67 52 82
65 73 96 88
137 83 166 98
109 15 140 30
117 21 148 36
117 27 148 42
105 29 136 44
117 33 148 48
77 35 108 50
105 35 136 50
85 41 116 56
77 73 108 88
89 83 120 98
89 91 120 106
125 95 156 110
69 103 100 118
137 117 166 132
17 47 48 62
5 59 36 74
5 65 36 80
21 9 52 24
49 13 80 28
61 13 92 28
5 15 36 30
21 15 52 30
25 23 56 38
5 29 36 44
33 31 64 46
73 43 104 58
53 53 84 68
89 53 120 68
133 59 164 74
113 75 144 90
125 79 156 94
29 83 60 98
57 89 88 104
121 89 152 104
109 91 140 106
137 95 166 110
97 97 128 112
45 105 76 120
137 107 166 122
93 117 124 132
125 13 156 28
89 33 120 48
101 43 132 58
113 59 144 74
89 61 120 76
81 67 112 82
73 79 104 94
61 95 92 110
117 111 148 126
5 117 36 132
65 1 96 16
5 23 36 38
53 25 84 40
45 31 76 46
33 39 64 54
33 53 64 68
21 57 52 72
93 77 124 92
105 83 136 98
21 89 52 104
129 101 160 116
81 103 112 118
21 117 52 132
49 117 80 132
65 117 96 132
133 1 164 16
17 3 48 18
113 3 144 18
109 9 140 24
137 11 166 26
85 13 116 28
97 15 128 30
61 39 92 54
101 49 132 64
73 51 104 66
93 67 124 82
1 79 32 94
5 89 36 104
73 89 104 104
5 95 36 110
25 95 56 110
117 103 148 118
1 105 32 120
61 109 92 124
45 111 76 126
93 111 124 126
77 117 108 132
117 117 148 132
97 23 128 38
37 117 52 132
43 117 58 132
115 117 130 132
129 117 144 132
135 117 150 132
121 25 136 40
5 1 36 16
41 1 72 16
5 7 36 22
37 7 68 22
133 23 164 38
21 29 52 44
129 29 160 44
121 39 152 54
133 43 164 58
113 51 144 66
101 59 132 74
33 67 64 82
113 69 144 84
129 69 160 84
41 75 72 90
137 77 166 92
61 81 92 96
137 89 166 104
41 97 72 112
77 97 108 112
113 97 144 112
101 105 132 120
81 109 112 124
9 111 40 126
29 111 60 126
105 113 136 128
77 23 108 38
65 57 96 72
61 67 92 82
53 73 84 88
41 91 72 106
29 1 60 16
53 5 84 20
65 7 96 22
77 7 108 22
65 29 96 44
125 53 156 68
53 59 84 74
13 79 44 94
13 101 44 116
25 103 56 118
145 35 160 50
9 47 24 62
11 59 26 74
61 59 76 74
107 61 122 76
11 65 26 80
97 9 128 24
101 3 132 18
73 13 104 28
137 17 166 32
117 45 148 60
137 49 166 64
49 67 80 82
1 73 32 88
41 81 72 96
89 1 120 16
65 21 96 36
61 47 92 62
21 73 52 88
61 5 76 20
17 9 32 24
23 11 38 26
39 11 54 26
63 11 78 26
67 17 82 32
55 19 70 34
9 21 24 36
137 27 152 42
37 29 52 44
107 29 122 44
103 35 118 50
95 45 110 60
115 51 130 66
85 57 100 72
121 57 136 72
139 57 154 72
151 57 166 72
77 61 92 76
127 71 142 86
1 73 16 88
117 73 132 88
135 75 150 90
27 77 42 92
33 77 48 92
109 77 124 92
129 77 144 92
145 77 160 92
17 79 32 94
7 81 22 96
49 81 64 96
23 83 38 98
67 83 82 98
113 83 128 98
145 83 160 98
1 87 16 102
151 87 166 102
27 91 42 106
101 91 116 106
147 93 162 108
109 95 124 110
91 99 106 114
81 101 96 116
103 101 118 116
47 105 62 120
101 107 116 122
27 109 42 124
145 109 160 124
151 109 166 124
45 111 60 126
51 111 66 126
1 115 16 130
31 115 46 130
141 115 156 130
9 117 24 132
23 117 38 132
121 117 136 132
103 23 118 38
89 43 104 58
101 43 116 58
83 65 98 80
83 73 98 88
75 79 90 94
73 89 88 104
65 99 80 114
59 109 74 124
125 111 140 126
79 9 94 24
31 15 46 30
79 15 94 30
149 15 164 30
15 23 30 38
37 23 52 38
71 23 86 38
131 23 146 38
49 25 64 40
59 25 74 40
65 29 80 44
57 31 72 46
137 33 152 48
49 39 64 54
119 39 134 54
131 41 146 56
141 41 156 56
27 43 42 58
63 43 78 58
35 45 50 60
49 47 64 62
1 53 16 68
19 57 34 72
53 57 68 72
1 59 16 74
115 59 130 74
21 63 36 78
39 63 54 78
151 63 166 78
33 65 48 80
139 65 154 80
105 69 120 84
145 71 160 86
99 77 114 92
7 87 22 102
43 87 58 102
13 99 28 114
131 107 146 122
71 113 86 128
95 113 110 128
49 117 64 132
57 117 72 132
81 117 96 132
3 1 18 16
19 3 34 18
121 3 136 18
53 9 68 24
109 23 124 38
7 27 22 42
99 29 114 44
79 35 94 50
93 37 108 52
85 49 100 64
91 69 106 84
85 79 100 94
39 81 54 96
135 81 150 96
119 85 134 100
59 87 74 102
13 91 28 106
127 91 142 106
117 95 132 110
71 101 86 116
117 101 132 116
135 101 150 116
5 103 20 118
95 105 110 120
65 107 80 122
5 109 20 124
33 109 48 124
81 109 96 124
117 111 132 126
65 113 80 128
109 113 124 128
67 3 82 18
147 5 162 20
45 11 60 26
101 11 116 26
73 13 88 28
143 15 158 30
3 17 18 32
25 19 40 34
21 29 36 44
71 39 86 54
145 47 160 62
67 49 82 64
131 55 146 70
49 67 64 82
57 67 72 82
97 71 112 86
119 79 134 94
55 81 70 96
33 83 48 98
91 83 106 98
105 83 120 98
81 85 96 100
127 85 142 100
79 91 94 106
5 93 20 108
41 93 56 108
137 93 152 108
141 99 156 114
27 101 42 116
125 101 140 116
149 101 164 116
35 103 50 118
75 107 90 122
15 109 30 124
39 109 54 124
87 109 102 124
101 113 116 128
149 115 164 130
99 3 114 18
119 9 134 24
109 13 124 28
93 15 108 30
115 15 130 30
87 21 102 36
83 29 98 44
121 47 136 62
131 47 146 62
79 55 94 70
71 65 86 80
67 73 82 88
61 81 76 96
55 93 70 108
51 99 66 114
11 1 26 16
25 1 40 16
31 1 46 16
49 3 64 18
55 3 70 18
105 5 120 20
33 7 48 22
137 15 152 30
65 23 80 38
143 25 158 40
151 25 166 40
115 45 130 60
107 51 122 66
151 51 166 66
145 57 160 72
101 59 116 74
97 65 112 80
121 65 136 80
7 73 22 88
15 73 30 88
21 73 36 88
39 75 54 90
1 79 16 94
13 85 28 100
51 87 66 102
111 101 126 116
21 107 36 122
89 115 104 130
41 3 56 18
77 27 92 42
125 31 140 46
29 71 44 86
93 5 108 20
61 73 76 88
47 93 62 108
41 101 56 116
137 47 152 62
77 49 92 64
71 57 86 72
115 3 130 18
85 15 100 30
81 21 96 36
65 65 80 80
141 9 156 24
1 1 166 133
1 1 128 133
1 1 64 128
33 1 96 128
57 1 120 128
1 1 128 128
37 41 68 104
21 49 52 112
25 73 56 133
5 1 36 128
9 49 40 112
57 57 88 120
25 57 88 120
49 25 80 88
125 25 156 88
25 33 88 96
69 25 100 88
93 49 124 112
69 57 100 120
113 57 144 120
45 73 76 133
1 1 166 128
73 9 136 72
1 41 64 104
57 57 120 120
1 65 64 128
81 1 144 128
41 1 72 128
65 1 96 128
81 1 112 128
1 33 16 96
7 49 22 112
43 57 58 120
29 73 44 133
9 17 40 80
21 25 52 88
25 45 88 76
9 65 72 96
1 1 64 133
33 1 96 133
57 1 120 133
69 1 100 64
81 1 112 64
113 1 144 64
97 17 128 80
137 17 166 80
109 33 140 96
81 49 112 112
137 49 166 112
9 73 40 133
49 9 112 72
105 33 166 96
89 73 152 133
17 1 48 128
29 1 60 128
53 1 84 128
93 1 124 128
105 1 136 128
117 1 148 128
137 1 166 128
25 49 40 112
51 49 66 112
57 41 72 104
63 41 78 104
33 49 48 112
1 57 16 120
19 57 34 120
69 57 84 120
57 65 72 128
63 65 78 128
35 73 50 133
33 5 96 36
57 1 120 32
81 1 144 32
57 13 120 44
33 61 96 92
25 77 88 108
105 1 166 128
81 1 144 133
151 9 166 72
69 17 84 80
143 17 158 80
9 25 24 88
129 25 144 88
17 33 32 96
115 41 130 104
57 49 120 80
1 53 64 84
97 65 160 96
73 93 136 124
87 9 102 72
93 9 108 72
79 17 94 80
121 17 136 80
137 41 152 104
75 49 90 112
81 49 96 112
13 57 28 120
51 73 66 133
131 73 146 133
17 49 144 112
1 73 128 133
1 1 64 32
81 13 144 44
33 17 96 48
97 45 160 76
57 65 120 96
29 1 60 64
105 1 166 64
29 61 60 92
13 65 44 96
41 65 72 96
45 53 76 84
81 73 112 133
125 73 156 133
137 73 166 133
49 1 80 64
81 25 112 88
125 49 156 112
97 73 128 133
81 41 144 104
25 1 88 64
49 33 112 96
1 9 16 72
135 9 150 72
49 17 64 80
31 25 46 88
41 33 56 96
99 65 114 128
65 9 96 40
113 9 144 40
137 13 166 44
133 33 164 64
1 61 32 92
1 21 64 52
77 1 108 32
101 1 132 32
89 9 120 40
73 53 104 84
61 57 92 88
111 9 126 72
105 25 120 88
87 33 102 96
127 49 142 112
143 49 158 112
151 49 166 112
117 73 132 133
149 73 164 133
17 25 144 88
105 1 166 32
105 13 166 44
33 33 96 64
57 33 120 64
73 81 136 112
105 81 166 112
1 85 64 116
25 89 88 120
49 93 112 124
97 93 160 124
1 101 64 132
33 1 64 32
53 9 84 40
57 41 88 72
117 73 148 104
105 1 166 133
5 1 36 32
77 13 108 44
69 25 100 56
113 45 144 76
137 45 166 76
125 49 156 80
97 53 128 84
61 73 92 104
1 77 32 108
37 81 68 112
49 81 80 112
109 85 140 116
33 93 64 124
129 101 160 132
65 49 80 80
1 1 128 32
71 41 86 72
39 1 54 64
85 1 100 32
77 13 92 44
59 61 74 92
13 69 28 100
21 69 36 100
51 73 66 104
45 81 60 112
21 21 52 52
49 21 80 52
121 33 152 64
1 45 32 76
25 49 56 80
13 53 44 84
21 81 52 112
89 81 120 112
85 97 116 128
1 49 166 112
21 5 52 36
125 9 156 40
37 13 68 44
101 37 132 68
69 41 100 72
85 45 116 76
137 65 166 96
89 69 120 100
101 73 132 104
73 77 104 108
137 77 166 108
125 85 156 116
69 89 100 120
45 93 76 124
21 97 52 128
105 97 136 128
65 101 96 132
117 101 148 132
145 1 160 32
31 53 46 84
33 57 160 88
17 69 144 100
93 33 108 96
81 73 96 133
89 73 104 133
141 73 156 133
33 1 48 64
103 1 118 64
55 17 70 80
63 17 78 80
25 25 40 88
121 41 136 104
107 49 122 112
7 73 22 133
105 73 120 133
111 73 126 133
125 73 140 133
139 13 154 44
131 33 146 64
139 33 154 64
141 49 156 80
17 53 32 84
25 53 40 84
105 53 120 84
5 65 20 96
39 65 54 96
31 69 46 100
33 89 48 120
33 1 160 64
9 33 72 64
89 33 152 64
49 81 112 112
93 1 108 32
99 5 114 36
105 5 120 36
117 5 132 36
91 13 106 44
149 45 164 76
69 65 84 96
59 77 74 108
5 1 36 133
1 9 166 72
133 17 148 48
43 1 58 32
69 9 84 40
123 33 138 64
113 45 128 76
5 53 20 84
11 53 26 84
99 61 114 92
45 65 60 96
139 65 154 96
95 73 110 104
115 85 130 116
107 93 122 124
121 93 136 124
95 101 110 132
1 73 166 133
111 5 126 36
123 5 138 36
85 17 100 48
111 17 126 48
81 33 96 64
79 49 94 80
125 49 140 80
131 49 146 80
71 53 86 84
85 53 100 84
77 61 92 92
65 77 80 108
5 81 20 112
55 89 70 120
89 93 104 124
39 97 54 128
127 101 142 132
33 13 160 44
1 45 128 76
1 81 128 112
33 97 160 128
41 1 72 133
65 1 96 133
81 1 112 133
1 1 16 128
7 1 22 128
13 1 28 128
19 1 34 128
29 1 44 128
37 1 52 128
43 1 58 128
49 1 64 128
55 1 70 128
67 1 82 128
79 1 94 128
149 1 164 128
101 17 132 48
89 29 120 60
9 101 40 132
9 17 40 48
5 33 36 64
109 61 140 92
125 61 156 92
5 89 36 120
137 89 166 120
13 1 28 32
5 13 20 44
19 13 34 44
41 13 56 44
35 21 50 52
49 21 64 52
149 33 164 64
41 53 56 84
51 53 66 84
149 73 164 104
25 81 40 112
105 81 120 112
133 81 148 112
81 89 96 120
25 1 40 32
49 1 64 32
79 1 94 32
131 1 146 32
35 5 50 36
63 5 78 36
55 13 70 44
99 17 114 48
145 17 160 48
151 17 166 48
107 33 122 64
97 37 112 68
93 49 108 80
99 49 114 80
151 61 166 92
109 69 124 100
121 69 136 100
131 69 146 100
39 77 54 108
15 81 30 112
145 85 160 116
97 89 112 120
9 93 24 124
133 93 148 124
139 93 154 124
1 97 16 128
47 97 62 128
113 97 128 128
147 97 162 128
17 101 32 132
23 101 38 132
17 1 48 133
29 1 60 133
53 1 84 133
93 1 124 133
105 1 136 133
117 1 148 133
137 1 166 133
61 1 76 128
73 1 88 128
85 1 100 128
91 1 106 128
107 1 122 128
113 1 128 128
137 1 152 128
143 1 158 128
33 33 160 64
49 5 112 20
73 3 136 18
25 57 88 72
25 1 88 16
1 81 64 96
73 11 136 26
65 17 128 32
33 65 96 80
25 71 88 86
1 75 64 90
33 77 96 92
105 21 120 52
91 25 106 56
89 37 104 68
73 81 88 112
61 89 76 120
127 89 142 120
73 93 88 124
65 101 80 132
1 1 16 32
7 1 22 32
19 1 34 32
57 1 72 32
151 5 166 36
27 13 42 44
11 17 26 48
63 17 78 48
75 25 90 56
69 29 84 60
117 33 132 64
49 41 64 72
119 45 134 76
57 49 72 80
91 61 106 92
115 61 130 92
145 61 160 92
115 73 130 104
79 77 94 108
89 81 104 112
121 81 136 112
151 85 166 116
33 101 48 132
83 101 98 132
101 101 116 132
101 1 116 128
121 1 136 128
1 9 64 24
33 21 96 36
25 29 88 44
41 45 104 60
65 63 128 78
105 67 166 82
81 95 144 110
73 103 136 118
65 111 128 126
97 9 160 24
57 25 120 40
49 31 112 46
49 39 112 54
105 49 166 64
33 51 96 66
49 57 112 72
65 71 128 86
25 85 88 100
105 91 166 106
9 93 72 108
9 99 72 114
25 15 88 30
17 43 80 58
105 75 166 90
1 1 64 16
105 1 166 16
25 7 88 22
49 11 112 26
1 29 64 44
105 31 166 46
57 51 120 66
81 55 144 70
65 81 128 96
81 89 144 104
97 101 160 116
17 107 80 122
89 111 152 126
1 115 64 130
57 117 120 132
81 117 144 132
97 19 160 34
81 41 144 56
1 87 64 102
57 91 120 106
49 99 112 114
25 113 88 128
1 19 64 34
81 25 144 40
105 25 166 40
73 33 136 48
1 35 64 50
25 35 88 50
105 43 166 58
81 49 144 64
1 51 64 66
1 57 64 72
105 57 166 72
1 67 64 82
89 83 152 98
33 93 96 108
41 107 104 122
125 1 156 64
25 101 88 132
75 73 90 133
77 65 108 96
117 21 148 52
67 89 82 120
59 101 74 132
1 9 64 72
83 65 98 96
119 21 134 52
99 25 114 88
137 1 166 32
125 17 140 48
53 101 68 132
17 51 48 66
29 51 60 66
41 51 72 66
21 45 52 60
5 53 36 68
49 43 80 58
49 11 80 26
13 33 44 48
1 39 32 54
13 39 44 54
137 33 166 48
25 37 56 52
1 11 32 26
121 9 152 24
73 59 104 74
101 33 132 48
13 93 44 108
41 111 72 126
139 77 154 108
65 93 96 108
137 1 152 32
131 1 146 128
129 1 144 64
105 117 166 132
105 37 166 52
37 25 68 56
17 37 48 68
45 37 76 68
33 37 64 68
3 25 18 56
43 25 58 56
63 33 78 64
9 29 24 60
27 25 42 56
1 37 16 68
55 25 70 56
17 25 32 56
17 37 32 68
35 37 50 68
25 37 40 68
43 37 58 68
55 37 70 68
7 41 22 72
19 9 34 72
11 1 26 64
27 1 42 64
133 5 164 20
61 11 92 26
17 15 48 30
1 17 32 32
33 17 64 32
45 17 76 32
57 17 88 32
89 21 120 36
53 23 84 38
113 25 144 40
33 31 64 46
113 31 144 46
1 33 32 48
97 41 128 56
133 41 164 56
53 49 84 64
1 59 32 74
49 59 80 74
117 59 148 74
133 61 164 76
17 67 48 82
97 77 128 92
121 91 152 106
49 105 80 120
93 105 124 120
105 105 136 120
77 111 108 126
21 117 52 132
41 117 72 132
137 117 166 132
85 41 116 56
65 99 96 114
117 107 148 122
53 111 84 126
1 115 32 130
1 25 32 40
1 65 32 80
81 87 112 102
97 89 128 104
93 27 124 42
49 29 80 44
89 35 120 50
61 39 92 54
73 39 104 54
97 47 128 62
73 53 104 68
93 53 124 68
85 63 116 78
133 67 164 82
85 69 116 84
97 71 128 86
65 73 96 88
77 75 108 90
113 77 144 92
25 83 56 98
105 83 136 98
137 83 166 98
69 85 100 100
9 87 40 102
109 91 140 106
137 91 166 106
81 93 112 108
1 97 32 112
77 99 108 114
1 105 32 120
129 107 160 122
13 111 44 126
121 115 152 130
81 117 112 132
93 117 124 132
117 15 148 30
21 21 52 36
41 23 72 38
21 27 52 42
41 37 72 52
33 45 64 60
5 47 36 62
17 57 48 72
37 57 68 72
101 59 132 74
33 65 64 80
113 65 144 80
109 71 140 86
125 75 156 90
85 81 116 96
129 97 160 112
69 105 100 120
81 105 112 120
65 111 96 126
31 91 46 106
93 95 108 110
111 99 126 114
3 109 18 124
49 111 64 126
85 111 100 126
91 111 106 126
1 115 16 130
7 117 22 132
29 117 44 132
37 117 52 132
43 117 58 132
121 117 136 132
141 117 156 132
125 19 140 34
121 25 136 40
111 31 126 46
93 37 108 52
95 55 110 70
75 81 90 96
109 9 140 24
101 17 132 32
77 23 108 38
73 29 104 44
77 47 108 62
105 53 136 68
61 61 92 76
73 65 104 80
137 77 166 92
61 79 92 94
49 91 80 106
45 97 76 112
113 97 144 112
33 105 64 120
29 111 60 126
105 113 136 128
9 5 40 20
69 5 100 20
37 11 68 26
97 65 128 80
41 73 72 88
121 83 152 98
37 85 68 100
33 91 64 106
93 95 124 110
89 111 120 126
53 117 84 132
69 117 100 132
41 17 56 32
29 23 44 38
139 39 154 54
9 57 24 72
29 65 44 80
49 117 64 132
75 117 90 132
29 5 60 20
129 25 160 40
125 33 156 48
113 3 144 18
81 7 112 22
85 15 116 30
125 49 156 64
61 67 92 82
53 73 84 88
1 79 32 94
49 85 80 100
33 97 64 112
101 3 132 18
49 5 80 20
97 9 128 24
61 29 92 44
109 47 140 62
61 55 92 70
129 55 160 70
29 71 60 86
9 73 40 88
13 79 44 94
21 103 52 118
137 15 166 30
117 41 148 56
65 47 96 62
137 47 166 62
25 77 56 92
41 79 72 94
81 1 112 16
65 23 96 38
49 65 80 80
25 1 40 16
3 3 18 18
23 7 38 22
29 7 44 22
57 9 72 24
109 15 124 30
35 17 50 32
71 23 86 38
91 25 106 40
7 29 22 44
47 29 62 44
53 29 68 44
145 29 160 44
151 29 166 44
21 31 36 46
27 31 42 46
99 31 114 46
99 37 114 52
87 43 102 58
117 47 132 62
93 49 108 64
113 53 128 68
123 53 138 68
149 57 164 72
107 59 122 74
113 61 128 76
85 69 100 84
75 71 90 86
143 73 158 88
151 73 166 88
25 81 40 96
145 81 160 96
1 87 16 102
13 87 28 102
125 87 140 102
151 87 166 102
63 89 78 104
135 91 150 106
1 93 16 108
121 93 136 108
63 95 78 110
77 95 92 110
99 95 114 110
151 97 166 112
57 99 72 114
145 99 160 114
89 101 104 116
7 103 22 118
139 103 154 118
49 105 64 120
103 105 118 120
149 107 164 122
129 109 144 124
143 109 158 124
15 111 30 126
35 111 50 126
137 111 152 126
21 113 36 128
109 117 124 132
147 117 162 132
145 1 160 16
71 3 86 18
85 7 100 22
75 11 90 26
5 13 20 28
19 13 34 28
49 21 64 36
63 23 78 38
145 23 160 38
37 25 52 40
71 43 86 58
77 43 92 58
15 45 30 60
21 45 36 60
35 45 50 60
45 45 60 60
1 47 16 62
65 53 80 68
19 57 34 72
53 57 68 72
1 59 16 74
61 59 76 74
21 63 36 78
49 65 64 80
139 65 154 80
37 67 52 82
91 69 106 84
105 69 120 84
99 73 114 88
97 79 112 94
111 79 126 94
105 81 120 96
95 85 110 100
7 89 22 104
21 93 36 108
39 93 54 108
31 97 46 112
105 97 120 112
123 99 138 114
71 101 86 116
79 101 94 116
109 105 124 120
73 109 88 124
43 111 58 126
69 117 84 132
73 13 104 28
9 5 24 20
103 11 118 26
105 25 120 40
111 25 126 40
85 27 100 42
105 31 120 46
81 33 96 48
95 43 110 58
87 49 102 64
135 53 150 68
143 53 158 68
85 55 100 70
81 63 96 78
151 79 166 94
37 81 52 96
69 85 84 100
145 87 160 102
57 93 72 108
141 93 156 108
1 99 16 114
131 101 146 116
25 103 40 118
123 111 138 126
115 113 130 128
129 115 144 130
91 117 106 132
31 1 46 16
43 3 58 18
57 3 72 18
15 5 30 20
63 5 78 20
43 11 58 26
139 25 154 40
129 27 144 42
73 31 88 46
111 47 126 62
77 49 92 64
149 63 164 78
121 65 136 80
9 71 24 86
53 71 68 86
131 73 146 88
39 75 54 90
123 75 138 90
49 79 64 94
135 81 150 96
31 83 46 98
81 83 96 98
23 87 38 102
105 87 120 102
115 87 130 102
79 89 94 104
87 93 102 108
111 93 126 108
11 95 26 110
37 99 52 114
43 103 58 118
117 103 132 118
67 107 82 122
79 107 94 122
9 111 24 126
107 111 122 126
101 113 116 128
61 115 76 130
83 117 98 132
121 35 136 50
121 3 136 18
127 3 142 18
119 9 134 24
97 13 112 28
115 15 130 30
89 17 104 32
95 19 110 34
129 49 144 64
79 55 94 70
73 65 88 80
69 71 84 86
65 79 80 94
57 83 72 98
51 97 66 112
105 5 120 20
35 7 50 22
49 7 64 22
79 25 94 40
131 43 146 58
147 47 162 62
105 53 120 68
101 59 116 74
97 65 112 80
113 69 128 84
17 71 32 86
25 71 40 86
31 73 46 88
19 77 34 92
87 77 102 92
13 81 28 96
45 95 60 110
17 103 32 118
33 105 48 120
95 105 110 120
27 109 42 124
145 7 160 22
133 19 148 34
115 41 130 56
95 3 110 18
113 7 128 22
91 9 106 24
83 19 98 34
123 47 138 62
137 47 152 62
67 65 82 80
61 71 76 86
5 77 20 92
59 77 74 92
115 1 130 16
139 11 154 26
51 87 66 102
73 55 88 70
1 1 166 133
33 1 160 133
1 1 166 128
33 1 96 128
61 65 92 128
17 49 80 112
57 57 120 120
5 49 36 112
25 49 56 112
45 49 76 112
21 73 52 133
73 73 104 133
33 1 160 128
73 17 136 80
89 57 152 120
9 1 72 128
89 1 152 128
121 25 152 88
125 49 156 112
101 65 132 128
49 73 80 133
25 1 56 128
37 1 68 128
69 1 100 128
89 1 120 128
105 25 166 88
129 73 160 133
17 73 80 133
1 25 32 88
73 25 104 88
105 25 136 88
137 25 166 88
77 49 108 112
137 49 166 112
1 73 32 133
33 73 64 133
89 73 120 133
113 73 144 133
1 57 128 120
57 1 120 128
5 1 36 128
53 1 84 128
105 1 136 128
121 1 152 128
137 1 166 128
1 81 64 112
33 1 96 133
49 9 80 72
81 57 144 88
65 85 128 116
97 1 160 64
1 25 64 88
25 25 88 88
49 33 112 96
1 1 32 64
13 1 44 64
73 1 104 64
113 1 144 64
85 9 116 72
61 17 92 80
21 25 52 88
37 25 68 88
93 33 124 96
57 41 88 104
113 49 144 112
15 49 30 112
61 65 76 128
33 33 160 96
89 33 152 64
9 1 72 133
89 1 152 133
133 17 148 80
1 25 16 88
103 33 118 96
121 33 136 96
45 49 60 112
81 57 96 120
87 57 102 120
121 57 136 120
139 57 154 120
3 73 18 133
17 73 32 133
43 73 58 133
89 45 152 76
17 61 80 92
97 69 160 100
41 93 104 124
105 97 166 128
111 17 126 80
3 49 18 112
55 73 70 133
69 73 84 133
95 73 110 133
105 73 120 133
57 1 120 32
105 1 166 32
33 5 96 36
81 5 144 36
57 13 120 44
33 17 96 48
9 33 72 64
49 57 112 88
41 81 104 112
105 81 166 112
1 101 64 132
73 101 136 132
49 9 112 72
143 1 158 64
9 57 24 120
111 57 126 120
25 73 40 133
57 1 120 133
25 45 88 76
49 45 112 76
127 1 142 64
29 25 44 88
71 25 86 88
81 25 96 88
87 25 102 88
139 25 154 88
145 25 160 88
151 25 166 88
97 41 112 104
25 49 40 112
33 49 48 112
39 49 54 112
69 49 84 112
131 49 146 112
149 49 164 112
75 57 90 120
33 73 48 133
131 73 146 133
147 73 162 133
25 1 88 64
129 1 160 64
33 1 64 64
97 1 128 64
1 5 64 36
105 13 166 44
1 17 64 48
33 33 96 64
57 69 120 100
73 1 88 64
97 1 112 64
15 9 30 72
33 9 160 72
33 77 160 108
1 89 128 120
1 57 166 120
97 1 128 32
113 37 144 68
5 81 36 112
41 85 72 116
1 1 128 32
3 1 18 64
9 1 24 64
21 1 36 64
121 9 136 72
23 25 38 88
35 25 50 88
43 25 58 88
55 25 70 88
9 33 24 96
63 41 78 104
55 49 70 112
49 73 64 133
41 61 72 92
1 45 128 76
117 1 148 32
65 9 96 40
137 13 166 44
13 61 44 92
25 61 56 92
129 85 160 116
61 93 92 124
105 101 136 132
77 5 108 36
113 89 144 120
13 101 44 132
33 13 160 44
33 101 160 132
25 1 56 133
37 1 68 133
91 1 106 64
69 1 100 133
89 1 120 133
65 45 96 76
121 49 152 80
81 53 112 84
61 65 92 96
25 73 56 104
41 73 72 104
25 97 56 128
129 97 160 128
49 101 80 132
105 57 166 88
81 17 144 48
57 29 120 60
1 49 64 80
1 29 128 60
133 1 164 32
49 9 80 40
17 13 48 44
109 13 140 44
33 17 64 48
89 17 120 48
121 17 152 48
37 33 68 64
133 33 164 64
97 45 128 76
101 57 132 88
1 65 32 96
129 69 160 100
109 73 140 104
61 77 92 108
73 81 104 112
17 85 48 116
29 85 60 116
101 85 132 116
73 93 104 124
37 97 68 128
1 101 32 132
85 101 116 132
117 101 148 132
1 33 166 96
49 5 112 20
1 65 128 96
127 25 142 88
27 1 42 64
33 1 48 64
41 1 56 64
49 1 64 64
55 1 70 64
67 1 82 64
79 1 94 64
85 1 100 64
105 1 120 64
61 17 76 80
49 25 64 88
5 1 36 133
53 1 84 133
105 1 136 133
121 1 152 133
137 1 166 133
33 1 64 32
5 5 36 36
21 29 52 60
17 41 48 72
81 41 112 72
1 45 32 76
97 49 160 64
25 3 88 18
1 5 64 20
73 9 136 24
97 15 160 30
73 23 136 38
1 83 64 98
33 91 96 106
57 93 120 108
1 97 64 112
105 101 166 116
49 103 112 118
17 111 80 126
17 1 48 32
77 17 108 48
5 21 36 52
81 29 112 60
65 33 96 64
137 45 166 76
137 57 166 88
81 69 112 100
93 73 124 104
85 89 116 120
1 103 64 118
81 111 144 126
1 9 166 72
9 1 24 128
35 1 50 128
69 1 84 128
3 1 18 128
15 1 30 128
61 1 76 128
77 1 92 128
83 1 98 128
101 1 116 128
109 1 124 128
97 9 160 24
33 15 96 30
33 29 96 44
97 43 160 58
57 53 120 68
81 61 144 76
49 63 112 78
9 75 72 90
57 83 120 98
105 85 166 100
97 93 160 108
25 99 88 114
81 99 144 114
25 105 88 120
151 13 166 44
1 11 64 26
65 17 128 32
49 69 112 84
89 71 152 86
33 75 96 90
73 105 136 120
105 109 166 124
57 111 120 126
1 117 64 132
57 117 120 132
105 117 166 132
55 1 70 128
141 1 156 128
137 13 152 44
137 33 152 64
53 25 84 56
29 49 60 80
49 49 80 80
21 1 36 128
29 1 44 128
43 1 58 128
93 1 108 128
123 1 138 128
103 1 118 32
73 65 88 96
105 1 166 16
1 39 64 54
25 47 88 62
97 77 160 92
19 1 34 32
93 1 108 32
57 9 72 40
81 9 96 40
145 9 160 40
23 13 38 44
123 33 138 64
129 37 144 68
123 45 138 76
143 45 158 76
131 49 146 80
29 61 44 92
35 65 50 96
1 73 16 104
15 73 30 104
43 73 58 104
9 81 24 112
43 85 58 116
109 85 124 116
139 85 154 116
81 89 96 120
75 93 90 124
55 97 70 128
61 101 76 132
87 5 102 36
111 5 126 36
119 77 134 108
35 85 50 116
129 85 144 116
5 93 20 124
121 93 136 124
43 97 58 128
143 101 158 132
65 21 96 52
5 33 36 64
93 33 124 64
49 37 80 68
105 25 136 56
117 61 148 92
25 9 88 24
9 17 72 32
105 21 166 36
1 23 64 38
25 23 88 38
49 23 112 38
105 27 166 42
9 29 72 44
57 29 120 44
81 29 144 44
33 35 96 50
105 35 166 50
65 47 128 62
81 55 144 70
105 59 166 74
33 81 96 96
81 87 144 102
9 89 72 104
81 117 144 132
45 1 60 32
65 5 80 36
73 9 88 40
93 17 108 48
81 21 96 52
97 33 112 64
81 37 96 68
111 41 126 72
89 49 104 80
105 49 120 80
97 53 112 84
13 61 28 92
41 61 56 92
123 61 138 92
137 61 152 92
21 65 36 96
87 65 102 96
101 65 116 96
65 69 80 100
79 77 94 108
147 81 162 112
53 85 68 116
19 89 34 120
27 93 42 124
91 97 106 128
83 101 98 132
117 1 132 128
151 1 166 128
9 1 24 32
37 1 52 32
119 1 134 32
129 1 144 32
5 13 20 44
103 13 118 44
123 13 138 44
129 13 144 44
47 17 62 48
47 33 62 64
151 33 166 64
149 45 164 76
115 57 130 88
7 69 22 100
93 69 108 100
27 81 42 112
59 85 74 116
67 85 82 116
115 89 130 120
129 97 144 128
137 97 152 128
19 101 34 132
97 101 112 132
105 101 120 132
111 101 126 132
151 101 166 132
73 41 136 56
25 53 88 68
1 67 64 82
11 25 26 56
37 25 52 56
129 25 144 56
65 33 80 64
57 37 72 68
71 37 86 68
19 45 34 76
49 45 64 76
1 49 16 80
35 49 50 80
67 49 82 80
73 53 88 84
7 57 22 88
145 57 160 88
73 77 88 108
1 1 16 32
139 1 154 32
51 5 66 36
39 13 54 44
17 17 32 48
29 17 44 48
115 17 130 48
17 33 32 64
23 33 38 64
29 33 44 64
145 33 160 64
1 37 16 68
87 37 102 68
105 37 120 68
117 41 132 72
137 49 152 80
83 53 98 84
1 61 16 92
109 61 124 92
129 61 144 92
79 65 94 96
147 69 162 100
49 73 64 104
57 73 72 104
113 73 128 104
129 73 144 104
141 73 156 104
21 77 36 108
101 77 116 108
89 85 104 116
95 85 110 116
101 89 116 120
13 101 28 132
35 101 50 132
49 101 64 132
69 101 84 132
81 3 144 18
65 35 128 50
33 41 96 56
25 59 88 74
105 65 166 80
25 67 88 82
73 77 136 92
33 117 96 132
133 1 148 128
49 1 64 128
41 49 56 80
51 61 66 92
59 61 74 92
103 25 118 56
111 29 126 60
117 29 132 60
25 1 40 32
31 5 46 36
11 13 26 44
63 17 78 48
109 17 124 48
69 21 84 52
1 25 16 56
53 25 68 56
87 25 102 56
11 37 26 68
29 49 44 80
55 49 70 80
61 49 76 80
151 57 166 88
107 73 122 104
135 73 150 104
1 1 64 64
69 1 100 16
49 51 80 66
1 53 32 68
13 53 44 68
25 55 56 70
37 55 68 70
49 57 80 72
1 59 32 74
13 59 44 74
25 61 56 76
37 61 68 76
49 63 80 78
13 65 44 80
29 89 60 104
97 85 128 100
75 25 90 56
35 37 50 68
41 37 56 68
145 21 160 52
151 1 166 32
13 49 28 80
1 49 64 64
1 55 64 70
1 61 64 76
151 1 166 64
139 27 154 42
15 29 30 44
31 29 46 44
47 29 62 44
145 29 160 44
95 37 110 52
145 37 160 52
85 47 100 62
83 53 98 68
91 55 106 70
105 55 120 70
73 61 88 76
101 61 116 76
127 61 142 76
83 65 98 80
151 65 166 80
107 71 122 86
113 71 128 86
141 71 156 86
149 71 164 86
29 73 44 88
119 75 134 90
125 75 140 90
71 77 86 92
109 77 124 92
1 81 16 96
59 81 74 96
115 81 130 96
127 81 142 96
139 81 154 96
37 83 52 98
7 85 22 100
25 85 40 100
61 87 76 102
107 87 122 102
115 87 130 102
139 87 154 102
151 87 166 102
91 89 106 104
85 91 100 106
127 91 142 106
133 91 148 106
21 93 36 108
61 93 76 108
105 93 120 108
119 93 134 108
27 95 42 110
41 95 56 110
91 95 106 110
99 95 114 110
131 97 146 112
75 101 90 116
109 101 124 116
47 103 62 118
25 107 40 122
99 107 114 122
105 107 120 122
39 109 54 124
47 109 62 124
91 109 106 124
47 115 62 130
33 117 48 132
41 1 56 16
69 9 84 24
145 15 160 30
25 19 40 34
15 23 30 38
5 31 20 46
41 31 56 46
63 31 78 46
83 35 98 50
53 37 68 52
71 39 86 54
151 39 166 54
79 41 94 56
115 41 130 56
27 43 42 58
95 43 110 58
9 45 24 60
35 45 50 60
51 45 66 60
65 45 80 60
1 47 16 62
75 47 90 62
111 47 126 62
75 53 90 68
107 63 122 78
1 65 16 80
59 65 74 80
71 71 86 86
65 81 80 96
51 89 66 104
81 105 96 120
139 1 154 16
5 5 20 20
19 5 34 20
131 5 146 20
39 7 54 22
25 11 40 26
131 13 146 28
97 15 112 30
9 17 24 32
91 19 106 34
91 25 106 40
53 27 68 42
85 27 100 42
123 27 138 42
111 29 126 44
119 47 134 62
113 59 128 74
133 59 148 74
139 59 154 74
87 73 102 88
23 77 38 92
81 77 96 92
93 77 108 92
29 79 44 94
147 79 162 94
121 81 136 96
19 83 34 98
73 83 88 98
79 83 94 98
85 83 100 98
133 83 148 98
97 85 112 100
1 87 16 102
13 87 28 102
145 87 160 102
67 89 82 104
75 93 90 108
139 93 154 108
149 93 164 108
15 95 30 110
67 95 82 110
61 99 76 114
91 101 106 116
7 103 22 118
13 103 28 118
115 105 130 120
149 107 164 122
3 111 18 126
15 113 30 128
79 113 94 128
65 115 80 130
103 115 118 130
9 117 24 132
125 117 140 132
133 117 148 132
139 117 154 132
11 1 26 16
49 3 64 18
55 3 70 18
33 5 48 20
145 5 160 20
11 7 26 22
63 7 78 22
45 11 60 26
19 13 34 28
3 17 18 32
117 19 132 34
133 19 148 34
37 23 52 38
63 25 78 40
79 25 94 40
151 25 166 40
21 29 36 44
103 33 118 48
101 39 116 54
139 45 154 60
123 53 138 68
119 61 134 76
91 65 106 80
99 67 114 82
119 67 134 82
127 69 142 84
99 73 114 88
7 75 22 90
17 75 32 90
35 75 50 90
41 77 56 92
13 81 28 96
103 81 118 96
31 85 46 100
45 89 60 104
1 95 16 110
47 95 62 110
55 95 70 110
7 97 22 112
83 97 98 112
115 99 130 114
27 101 42 116
53 101 68 116
1 103 16 118
35 103 50 118
131 103 146 118
67 105 82 120
75 107 90 122
121 107 136 122
139 107 154 122
53 109 68 124
31 111 46 126
73 113 88 128
97 113 112 128
57 115 72 130
91 115 106 130
149 51 164 66
5 13 36 28
117 21 148 36
37 23 68 38
137 33 166 48
1 35 32 50
13 37 44 52
105 37 136 52
25 39 56 54
1 41 32 56
49 41 80 56
81 47 112 62
77 53 108 68
101 55 132 70
61 59 92 74
37 67 68 82
49 69 80 84
13 71 44 86
73 73 104 88
97 73 128 88
45 75 76 90
121 1 136 16
99 3 114 18
121 7 136 22
115 13 130 28
121 13 136 28
111 19 126 34
101 25 116 40
19 103 34 118
59 109 74 124
131 109 146 124
21 113 36 128
109 113 124 128
115 113 130 128
85 117 100 132
113 3 128 18
25 5 40 20
93 7 108 22
55 9 70 24
83 19 98 34
71 23 86 38
129 25 144 40
123 35 138 50
125 47 140 62
133 47 148 62
139 51 154 66
133 53 148 68
147 57 162 72
139 65 154 80
133 71 148 86
39 89 54 104
111 93 126 108
35 97 50 112
139 99 154 114
41 101 56 116
121 101 136 116
147 101 162 116
9 109 24 124
41 115 56 130
147 115 162 130
89 13 104 28
103 11 118 26
85 111 100 126
73 59 104 74
25 67 56 82
107 5 122 20
139 11 154 26
133 3 164 18
121 9 152 24
45 15 76 30
57 15 88 30
49 21 80 36
65 27 96 42
37 29 68 44
57 33 88 48
101 43 132 58
137 63 166 78
125 69 156 84
61 71 92 86
137 73 166 88
73 79 104 94
85 79 116 94
17 85 48 100
69 85 100 100
85 85 116 100
121 85 152 100
53 87 84 102
109 87 140 102
81 91 112 106
101 93 132 108
13 95 44 110
121 99 152 114
61 101 92 116
45 109 76 124
25 117 56 132
81 117 112 132
1 111 32 126
41 1 72 16
101 1 132 16
1 19 32 34
21 23 52 38
69 33 100 48
125 35 156 50
37 37 68 52
65 39 96 54
137 39 166 54
17 45 48 60
37 45 68 60
1 47 32 62
65 47 96 62
61 53 92 68
1 65 32 80
113 71 144 86
49 81 80 96
29 109 60 124
113 1 144 16
137 9 166 24
21 11 52 26
77 19 108 34
89 21 120 36
105 21 136 36
77 25 108 40
5 27 36 42
49 27 80 42
93 27 124 42
109 27 140 42
17 29 48 44
113 57 144 72
85 61 116 76
101 67 132 82
85 71 116 86
1 79 32 94
101 79 132 94
113 79 144 94
129 79 160 94
29 83 60 98
5 85 36 100
65 91 96 106
53 93 84 108
117 93 148 108
25 95 56 110
41 95 72 110
137 95 166 110
89 97 120 112
73 99 104 114
133 101 164 116
121 105 152 120
57 107 88 122
37 115 68 130
49 115 80 130
121 115 152 130
93 117 124 132
133 117 164 132
5 1 36 16
25 1 56 16
53 3 84 18
5 7 36 22
37 7 68 22
65 7 96 22
93 7 124 22
33 15 64 30
89 35 120 50
81 41 112 56
133 47 164 62
109 49 140 64
89 53 120 68
101 61 132 76
61 65 92 80
113 65 144 80
73 67 104 82
1 73 32 88
61 79 92 94
41 87 72 102
137 89 166 104
109 99 140 114
105 107 136 122
133 107 164 122
65 115 96 130
81 3 112 18
117 43 148 58
105 15 136 30
1 103 32 118
93 103 124 118
13 111 44 126
5 117 36 132
105 7 136 22
53 9 84 24
77 11 108 26
93 15 124 30
117 15 148 30
17 17 48 32
137 17 166 32
121 51 152 66
125 59 156 74
33 75 64 90
17 77 48 92
1 95 32 110
13 101 44 116
69 107 100 122
85 109 116 124
105 115 136 130
65 21 96 36
129 25 160 40
137 53 166 68
41 101 72 116
25 103 56 118
